C
C
A 2 2 3
A 2 3 0
Left
D 0 0 0 0 0 0 0 0 0 0 2 0 0 0 2 0 0 0
A 2 3 3
Down
D 4 0 0 0 0 0 0 0 0 0 0 0 0 0 4 0 0 2
A 2 0 1
Down
D 4 0 0 0 0 0 0 0 0 0 0 0 0 0 4 2 0 2
A 2 0 3
Left
D 8 0 2 0 0 0 0 0 0 0 0 0 0 0 4 4 0 0
A 4 0 2
Left
D 16 0 2 4 0 0 0 0 0 0 0 0 0 0 8 0 0 0
A 2 1 3
Left
D 16 0 2 4 0 0 2 0 0 0 0 0 0 0 8 0 0 0
A 2 0 3
Up
D 20 0 4 4 0 2 8 0 0 0 0 0 0 0 0 0 0 0
A 4 2 3
Left
D 28 0 8 2 0 0 8 0 0 0 4 0 0 0 0 0 0 0
A 2 1 1
Up
D 48 0 16 4 0 0 4 0 0 0 0 0 0 0 0 0 0 0
A 2 0 3
Down
D 48 0 0 0 0 0 0 0 0 0 16 0 0 0 4 4 0 2
A 4 3 2
Left
D 56 0 0 0 0 0 0 0 0 0 16 0 0 0 8 4 2 0
A 2 1 3
Right
D 56 0 0 0 0 0 0 0 0 2 0 0 0 16 0 8 4 2
A 2 2 1
Right
D 56 0 0 0 0 0 0 0 0 2 0 0 2 16 0 8 4 2
A 2 0 2
Up
D 60 0 0 8 4 2 0 0 4 16 0 0 0 2 0 0 0 0
A 2 1 1
Up
D 68 0 0 8 8 2 0 2 0 16 0 0 0 2 0 0 0 0
A 2 1 0
Right
D 88 0 0 0 16 2 0 0 4 16 0 0 0 2 0 0 0 0
A 2 1 0
Down
D 88 0 0 0 0 0 0 0 0 2 0 0 16 16 2 0 4 2
A 2 1 0
Right
D 124 0 0 0 0 0 0 0 0 4 0 0 0 32 0 2 4 2
A 2 2 0
Down
D 124 0 0 0 0 0 0 0 0 4 0 0 0 32 2 2 4 2
A 2 2 0
Right
D 128 0 0 0 0 0 0 0 0 4 0 0 2 32 0 4 4 2
A 2 1 1
Right
D 136 0 0 0 0 0 0 0 2 4 0 0 2 32 0 0 8 2
A 2 3 1
Up
D 140 0 0 2 4 4 0 0 8 32 0 0 0 2 0 0 0 0
A 2 2 2
Right
D 152 0 0 0 2 8 0 0 8 32 0 0 0 4 0 0 0 0
A 2 2 2
Quit
